26
128.28937000 258.38230000
412.14224000 307.87978000
137.38075000 311.92039000
407.09148000 402.83412000
186.87822000 407.88488000
246.47722000 475.56510000
119.19800000 544.25547000
294.96454000 682.64637000
206.07112000 744.26568000
404.06102000 768.50934000
355.57370000 686.68698000
409.11178000 694.76820000
288.90363000 621.02707000
475.78185000 679.61592000
476.79200000 734.16415000
380.82751000 833.15910000
507.09658000 839.22002000
612.15244 696.78851
288.90363 536.17425
412.14224 510.92044
462.64987 561.42807
670.74129 400.81381
424.26407 453.34175
559.62451 294.7478
627.30473 339.19451
507.09658 157.36705
