48
130.71429000 345.93363000
130.71429000 500.21935000
175.71429000 500.21935000
175.71429000 550.93363000
99.28571400 550.93363000
99.28571400 607.36220000
290.00000000 607.36220000
290.00000000 553.79078000
245.00000000 553.79078000
245.00000000 581.64792000
271.42857000 581.64792000
271.42857000 596.64792000
169.28571000 596.64792000
169.28571000 583.07649000
117.85714000 583.07649000
117.85714000 570.93363000
215.00000000 570.93363000
215.00000000 435.93363000
133.57143000 435.93363000
133.57143000 303.07649000
340.00000000 303.07649000
340.00000000 464.50506000
369.28571000 464.50506000
369.28571000 493.79078000
401.42857000 493.79078000
401.42857000 543.07649000
338.57143000 543.07649000
338.57143000 576.64792000
370.71429000 576.64792000
370.71429000 567.36220000
424.28571000 567.36220000
424.28571000 533.79078000
446.42857000 533.79078000
446.42857000 587.36220000
378.57143000 587.36220000
378.57143000 668.79078000
606.42857000 668.79078000
606.42857000 626.64792000
570.00000000 626.64792000
570.00000000 643.07649000
583.57143000 643.07649000
583.57143000 653.07649000
422.14286000 653.07649000
422.14286000 604.50506000
470.00000000 604.50506000
470.00000000 251.64792000
107.85714000 251.64792000
107.85714000 310.93363000
